9225
21386
21385
21583
9569
23805
28462
20445
31102
22978
31102
27876
14921
18430
28126
28126
25042
25042
27111
27670
34041
7803
12920
31318
28343
26655
25731
24324
15275
36794
37824
36827
32069
32069
35016
33251
33171
33046
33171
33046
27898
27898
19087
33046
33046
40010
44646
24308
28948
46426
29435
50732
50732
27582
50732
34627
18015
47695
41686
39677
37890
37890
21185
46327
16602
52030
58351
50977
31635
50977
38314
47155
29910
33151
43969
44128
44128
52077
54083
47816
17012
54938
47821
54938
54938
37890
45259
54938
58055
27858
37264
50846
25137
45259
45259
58039
22502
49661
50190
49661
50190
50190
19761
24769
50190
50190
55474
58140
42112
30225
58140
58140
47040
45259
58140
35199
45259
76973
69103
21076
46175
46175
21887
64655
70625
25815
50270
55633
51366
55633
50270
55566
55566
55566
54855
38779
31225
26714
49766
39902
65266
54162
39902
49766
54694
54694
42242
42242
50769
36999
26009
50095
50769
45225
33581
45225
56551
40587
57301
45225
50095
55877
58308
42481
62873
49261
75736
75736
8402
41290
51254
57565
10738
48049
49704
50904
45858
50904
25345
58963
26543
56820
26374
56820
59489
59489
39369
59489
59489
49697
49697
20735
64255
47910
39777
58272
59489
40702
21076
71917
71917
71917
74374
76341
76341
76341
76341
45589
11116
80111
61351
50027
52711
62543
52711
52711
45056
52711
74189
25041
52711
36723
56980
53782
56980
52711
50595
59795
59795
36442
64705
22159
28838
36442
59853
58847
47419
46613
37713
43639
41238
46613
14684
54783
54783
36915
46613
35120
46613
45209
34461
42955
36915
54111
65864
65864
45761
38730
59516
59516
42103
19052
48461
50052
38708
36380
46300
80967
63484
53460
56295
87864
38708
61939
33461
43273
62465
62465
56295
32243
54819
36276
73808
53069
51986
65769
69561
81303
62465
57837
70711
70711
45486
70711
57837
70711
71445
85789
46721
71445
35247
36965
54870
64743
70711
80270
46721
33024
87232
87232
31839
70711
70711
48308
46721
54438
22626
58120
48308
58120
55415
53041
35883
62864
53035
67623
67623
38773
63822
49539
60374
6665
29698
46691
46691
34556
49423
34231
63787
63787
63787
52865
36959
46006
47667
57488
46755
74919
65706
688
61139
65706
65706
67969
39775
69468
61515
80070
80070
47978
74008
69940
69940
69940
62208
17774
47978
63927
51320
70631
65165
70631
38957
62208
70631
45528
71634
71634
58802
10588
71852
48510
51320
39424
76489
76489
76489
76489
33458
58738
61079
50519
50519
58738
50519
50519
61079
33024
52944
50450
51320
49680
50122
39423
50122
59047
59047
35478
28189
54397
54397
20471
55978
41445
28822
50122
55978
46296
57483
64563
51056
55523
49680
60413
60413
62979
62979
49680
54964
77945
77945
50122
60411
69444
69444
73104
67281
80905
43589
90151
46169
73104
53277
73104
73104
73104
74089
59810
74089
74089
31767
35605
65481
64251
73287
66686
59340
31645
72999
74665
55743
54278
39439
59340
66196
49876
56313
63613
65872
62349
66178
66178
62349
58199
73091
72197
77010
62349
84263
66289
54649
27913
62349
62349
29405
88324
63134
62655
52636
42117
41786
78817
78817
78817
78817